[
[4.479797695260495
,9.757309630608503
,4.016666590067713
,0.6178724739289412
,3.617508503067432
,4.605442160716099
],
[4.54753445756754
,10.973965455283945
,3.7750061593248327
,0.6146109166884361
,3.64897890664542
,4.461635000246198
],
[4.270188601864127
,8.696058216031151
,4.392241228425091
,0.7936407680113847
,3.640782413579098
,3.757226334901222
],
[4.290935305630023
,10.669035523532088
,3.762593536821649
,0.9202484309268355
,3.163417309360929
,3.9404995569715466
],
[4.043141493577616
,9.065961156587598
,3.225555867424013
,0.8171509221409293
,3.6003571702205597
,4.022720537828141
],
[4.373588638260575
,10.15265643495431
,3.415210831096787
,1.4499512473121718
,3.709787877537937
,4.199211217172326
],
[4.266744482601063
,10.163590598073084
,3.5957430611890127
,0.6266418254359242
,3.503238243491156
,4.089991966163065
],
[4.418946926247638
,11.401471646770258
,3.412267664611127
,0.9023853153641129
,3.8404621834395356
,3.77823196132352
],
[4.210455175899974
,10.27046079264627
,3.465434290046616
,0.6300930481261444
,3.4424181591679925
,4.009600757554216
],
[4.344756604872325
,10.06710467039357
,3.6399109260818294
,0.6633407710301397
,3.829072972334149
,4.060995283900483
],
[4.437055505285892
,9.965225642879815
,3.5013121469484987
,0.8551373391004793
,4.061242338160249
,4.352125683498853]]