[[4.125685321516785
,8.618028068961088
,4.016666590067713
,0.5441347916408555
,2.8381709138864477
,4.605442160716099
],
[3.919783858506027
,7.617265535734056
,3.7750061593248327
,0.5999458252382283
,2.934082504072724
,4.461635000246198
],
[3.9133543338842296
,7.20701281436064
,4.392241228425091
,0.7635044796154663
,3.0196574045754825
,3.757226334901222
],
[3.71912782863759
,7.307987426447051
,3.762593536821649
,0.7062831561331177
,2.7543324964207043
,3.9404995569715466
],
[3.7862159466490874
,8.060191273354992
,3.225555867424013
,0.7843618601778531
,3.1221812116823986
,4.022720537828141
],
[3.9437465970490733
,8.19605215858948
,3.415210831096787
,1.5420951525547615
,2.9970844313228047
,4.199211217172326
],
[3.932416855660952
,8.214677684951667
,3.5957430611890127
,0.5797511788643309
,3.224104214690774
,4.089991966163065
],
[3.949054429346542
,9.371081788816516
,3.412267664611127
,0.5767196227318899
,3.174033063796708
,3.77823196132352
],
[3.8037447572686482
,8.426047287596958
,3.465434290046616
,0.6283099567605536
,2.7999769238818946
,4.009600757554216
],
[4.099681140476841
,8.571952834637749
,3.6399109260818294
,0.6154678905082506
,3.6653345793640733
,4.060995283900483
],
[3.9540718710699134
,8.191355314289254
,3.5013121469484987
,0.8036487583651418
,3.095967408838766
,4.352125683498853]]