[[4.721577436019497
,8.47738881541464
,5.662479618858817
,0.6562282124411998
,2.8381692701427474
,5.193105270747455
],
[4.58715868828451
,8.97193732835137
,4.670851437830219
,0.7408787594474266
,2.9340789506713043
,5.3995065293136975
],
[4.752699889697467
,7.693640523759116
,6.453649567050903
,0.8939432655440619
,3.0196535325947904
,4.517311712123105
],
[4.526966527994457
,8.331592149298169
,4.281867852442931
,1.2032992749684879
,2.754332360677062
,5.974194280984667
],
[3.899554328967175
,7.338714055877277
,3.4696728687230367
,0.9789730325798054
,3.122184309184144
,4.54089326353426
],
[4.3535695516325275
,7.81719448901821
,3.621497649394841
,1.6841752695575902
,2.9970839439696184
,5.860703312085993
],
[4.220056190572053
,8.390235218376876
,3.8954214371489457
,0.5977036884565954
,3.224101779267587
,4.850826888287334
],
[4.198000168360459
,8.42001039212692
,3.8041180623032225
,0.684209675176228
,3.174031524209315
,4.866727785090025
],
[4.242103000230177
,8.742303170609977
,4.09879369285181
,0.7215882063423554
,2.799977074379544
,4.898505465478768
],
[4.5844343290843845
,8.595687968108493
,4.009746170731916
,0.7855517932095976
,3.6653344256284552
,5.602967425290579
],
[4.388766969495767
,8.594679018232153
,4.2352805853363655
,1.0637955551199927
,3.095966294834652
,4.981896308566488]]