[[4.705590897270257
,8.61808950196077
,5.625206564551309
,0.5441345165574814
,3.3759432961674976
,4.561304977235695
],
[4.501260154795818
,7.617260162371268
,4.930193408217144
,0.5999450047731728
,3.4989610306786205
,4.945725325733513
],
[4.736227674176025
,7.207055632499168
,6.782504586927318
,0.7635048181529921
,3.397126977866215
,3.976907416849472
],
[4.242662519952585
,7.307992196025845
,4.653044412972717
,0.7062835849277107
,3.0394569555864375
,4.7974644832178095
],
[3.9502892238674234
,8.060231362650683
,3.5096583028582637
,0.7843637064754431
,3.4117157798003017
,4.07067088902802
],
[4.471410309810176
,8.196071981207927
,4.329029293478367
,1.5420937062636328
,3.5266978134732083
,4.783536807866781
],
[4.176858151703311
,8.21463092497603
,3.924689408123684
,0.5797516523110925
,3.6318673367688863
,4.301300128491996
],
[4.18803137539896
,9.371137844588514
,4.112848139209589
,0.5767179990699756
,3.4616577664826638
,3.643513350643333
],
[4.133654308298256
,8.426001330618227
,4.083332137394264
,0.6283091762855969
,3.4944838838050116
,3.929106300175593
],
[4.2077298494637185
,8.57197545017614
,4.292276721433876
,0.6154671149876668
,3.8257638778156937
,3.560001588919761
],
[4.614697602303156
,8.191335444123041
,5.473391016115804
,0.8036479580676837
,3.5175832371543807
,4.3369920718224675]]