1. seperate_model_deep_32_2_06_01
(4.334831353369752, 4.240615666358201, 4.4290470403813025)
(10.107530887978236, 9.587424478824905, 10.627637297131566)
(3.654722027457925, 3.4355393533267704, 3.8739047015890793)
(0.8082793689150453, 0.6443887129290953, 0.9721700249009952)
(3.6415696433640408, 3.4846976621308645, 3.798441624597217)
(4.11615276911597, 3.936009385813796, 4.296296152418143)

2. seperate_model_holi_wkend_05_31
(4.357128369730881, 4.18229129608818, 4.531965443373582)
(8.16198016647251, 7.744541382183117, 8.579418950761903)
(4.701470362843849, 4.0679347436092375, 5.33500598207846)
(0.7403835670793135, 0.5516346451937654, 0.9291324889648617)
(3.4710234505089925, 3.3430855959345864, 3.5989613050833986)
(4.2642293945440395, 3.9472002041178214, 4.581258584970258)

3. seperate_model_deep_128_2_05_31
(4.82014478263227, 4.615391173521854, 5.024898391742687)
(10.17861445664184, 9.669980131621255, 10.687248781662426)
(4.158541447729214, 3.6907578526906373, 4.626325042767791)
(0.7943394382938919, 0.6071082887193279, 0.9815705878684559)
(4.450601603350479, 4.138636484766347, 4.76256672193461)
(4.68282185809888, 4.274821756221562, 5.090821959976197)

4. seperate_model_deep_256_2_06_01
(4.406807916394407, 4.233785126984721, 4.579830705804094)
(8.306671193561199, 7.977500975317465, 8.635841411804932)
(4.382125358424819, 3.7720524636285333, 4.992198253221105)
(0.9100315211675766, 0.6968933924500285, 1.1231696498851247)
(3.0568103150508388, 2.886442540087127, 3.2271780900145504)
(5.153330749227489, 4.818359545069031, 5.488301953385948)

>> candidate 1
A : 2
B : 1
C : 2
D : 4
E : 1
(3.922443903642335, 3.840423603243494, 4.0044642040411755)

5. seperate_model_deep_16_2_06_01
(4.76220548969613, 4.584990551729644, 4.939420427662616)
(8.769082596170573, 8.35143603529013, 9.186729157051017)
(5.196620890622264, 4.628913477523131, 5.764328303721397)
(0.8966754197058933, 0.7219629956540807, 1.0713878437577058)
(3.9259351210238473, 3.745563918260978, 4.106306323786717)
(4.4977167241594005, 4.31325527052438, 4.682178177794421)